positiveinput/1671838555.3927357.jpg 2 372 82 63 71 295 99 41 64
positiveinput/1671839795.2793562.jpg 2 357 46 42 54 238 103 38 67
positiveinput/1671839799.0075772.jpg 3 301 58 37 57 251 96 22 68 389 53 42 55
positiveinput/1671839801.1343577.jpg 2 437 64 42 67 321 63 54 67
positiveinput/1671839803.2917469.jpg 3 471 77 66 80 350 76 49 57 280 100 40 37
positiveinput/1671839805.5882094.jpg 1 357 84 65 60
positiveinput/1671839807.6384304.jpg 2 388 96 67 72 291 108 52 61
positiveinput/1671839809.7480807.jpg 2 405 126 72 71 304 111 46 64
positiveinput/1671839812.0500772.jpg 2 300 120 65 64 409 150 73 80
positiveinput/1671839814.2716916.jpg 2 311 143 57 51 393 214 42 38
positiveinput/1671839816.5963008.jpg 2 299 154 61 62 300 218 66 113
positiveinput/1671839819.1249182.jpg 2 276 170 67 56 235 265 63 71
positiveinput/1671839821.3299878.jpg 1 125 217 100 99
positiveinput/1671839823.583492.jpg 1 79 174 118 108
positiveinput/1671839825.9588153.jpg 4 92 17 44 44 35 99 50 68 92 131 72 105 211 148 66 79
positiveinput/1671839828.633406.jpg 3 176 6 47 40 109 112 69 84 209 144 55 59
positiveinput/1671839831.927337.jpg 1 123 82 64 91
positiveinput/1671839840.4104557.jpg 3 296 143 53 84 410 69 48 57 327 92 44 43
positiveinput/1671839842.1842983.jpg 3 281 231 78 94 314 132 70 88 417 97 75 74
positiveinput/1671839843.4338138.jpg 2 233 196 97 92 373 154 82 68
positiveinput/1671839851.0263562.jpg 1 238 181 75 56
positiveinput/1671839853.7690377.jpg 1 36 162 117 76
positiveinput/1671839855.5445943.jpg 1 414 234 97 106
positiveinput/1671839859.8467395.jpg 3 105 17 44 47 174 36 56 59 33 181 93 122
positiveinput/1671839864.5664184.jpg 3 151 128 78 82 127 80 56 47 63 78 57 51
positiveinput/1671839912.02011.jpg 1 179 37 61 67
positiveinput/1671839914.3647604.jpg 2 146 52 58 60 171 118 70 68
positiveinput/1671839919.4013054.jpg 2 189 82 49 71 144 203 63 41
positiveinput/1671839922.1300392.jpg 2 241 25 36 49 209 76 46 75
positiveinput/1671839924.5790348.jpg 3 149 126 54 78 246 76 30 68 297 26 29 36
positiveinput/1671839926.888614.jpg 2 157 97 70 83 265 66 50 77
positiveinput/1671839929.462289.jpg 3 187 85 58 79 307 69 42 88 394 47 47 74
positiveinput/1671839931.9879062.jpg 3 324 86 48 81 213 73 54 85 443 61 52 48
positiveinput/1671839934.3917425.jpg 1 242 77 46 61
positiveinput/1671917205.9281354.jpg 1 319 166 107 120
positiveinput/1671917230.3683364.jpg 1 84 136 76 71
positiveinput/1671917232.6486914.jpg 2 422 199 115 137 71 160 93 77
positiveinput/1671917235.2386816.jpg 2 469 172 68 126 73 172 104 100
positiveinput/1671917238.5378075.jpg 1 83 191 139 134
positiveinput/1671917240.8626785.jpg 2 476 106 57 113 153 247 123 86
positiveinput/1671917243.7999818.jpg 2 218 246 103 89 444 82 83 96
positiveinput/1671917248.1015966.jpg 2 407 54 92 99 267 228 121 106
positiveinput/1671917336.832026.jpg 2 306 152 67 57 280 55 50 52
positiveinput/1671917339.5589454.jpg 2 309 141 75 78 297 54 56 69
positiveinput/1671917342.9797838.jpg 1 344 61 54 96
positiveinput/1671917346.7996392.jpg 2 382 85 59 106 247 188 63 54
positiveinput/1671917349.7913668.jpg 2 387 110 76 124 203 142 77 103
positiveinput/1671917353.0382216.jpg 2 371 154 85 133 179 129 79 104
positiveinput/1671917357.7018292.jpg 2 153 104 102 107 285 191 105 113
positiveinput/1671917360.4241188.jpg 2 176 85 84 100 196 196 102 101
positiveinput/1671917363.072393.jpg 2 204 74 62 100 136 168 89 90
positiveinput/1671917365.6262991.jpg 2 95 131 90 81 245 86 58 49
positiveinput/1671917368.21249.jpg 2 269 89 49 43 118 120 60 38
positiveinput/1671917371.1227393.jpg 2 299 97 59 71 176 93 34 20
positiveinput/1671917400.0545619.jpg 2 332 223 126 99 147 102 79 74
positiveinput/1671917403.7332516.jpg 3 374 192 101 92 67 92 81 52 159 133 70 55
positiveinput/1671917406.6652508.jpg 3 396 146 65 84 180 145 72 79 46 130 79 50
positiveinput/1671917411.2373102.jpg 2 374 122 69 87 34 166 126 103
positiveinput/1671917414.982702.jpg 2 349 102 55 48 86 237 137 82
positiveinput/1671917417.6581395.jpg 1 337 124 51 104
positiveinput/1671917420.407922.jpg 2 420 174 113 100 341 74 71 118
positiveinput/1671917422.990982.jpg 2 423 87 80 106 327 61 55 90
positiveinput/1671917425.59248.jpg 2 382 61 58 88 290 56 49 80
positiveinput/1671917428.17768.jpg 2 333 44 40 79 255 60 53 72
positiveinput/1671917430.7815208.jpg 3 142 224 88 82 268 43 41 66 209 63 59 71
positiveinput/1671917438.75101.jpg 3 208 250 90 84 175 75 65 72 218 46 43 68
positiveinput/1671917441.5391128.jpg 2 167 59 69 90 179 237 108 92
positiveinput/1671917445.4233787.jpg 2 140 60 74 100 317 230 102 90
positiveinput/1671917449.876863.jpg 2 122 76 87 105 388 205 106 99
positiveinput/1671917452.7286189.jpg 2 413 161 99 92 122 95 124 106
positiveinput/1671917455.2247803.jpg 1 402 114 66 96
positiveinput/1671917610.3118718.jpg 1 166 80 61 60
positiveinput/1671917613.054555.jpg 2 208 156 59 84 116 88 80 65
positiveinput/1671917616.222625.jpg 2 400 237 100 95 100 125 76 56
positiveinput/1671917618.8886087.jpg 3 440 179 74 79 282 169 68 55 93 166 70 58
positiveinput/1671917621.7088783.jpg 3 298 151 78 80 422 128 79 69 110 198 119 79
positiveinput/1671917624.4038806.jpg 3 316 135 63 68 399 89 47 47 196 215 115 93
positiveinput/1671917626.88189.jpg 2 321 121 54 66 326 219 89 67
positiveinput/1671917629.4140682.jpg 2 381 164 75 108 279 49 32 69
positiveinput/1671917640.2616763.jpg 2 398 88 54 103 189 66 59 63
positiveinput/1671917643.1230528.jpg 2 377 68 49 88 144 82 55 73
positiveinput/1671917645.7173727.jpg 3 220 90 57 78 99 96 66 84 339 55 47 55
positiveinput/1671917648.0333943.jpg 2 194 96 71 87 43 140 104 108
positiveinput/1671917650.4815214.jpg 3 174 114 85 93 45 212 124 113 229 41 61 74
positiveinput/1671917663.4151316.jpg 1 147 98 98 126
positiveinput/1671917673.7926943.jpg 1 131 111 85 90
positiveinput/1671917676.7934546.jpg 1 110 135 97 88
positiveinput/1671917679.903915.jpg 1 106 162 105 95
positiveinput/1671917883.041436.jpg 3 114 188 123 98 147 96 75 73 162 38 58 52
positiveinput/1671917887.5860186.jpg 3 90 165 111 96 154 84 72 65 204 41 43 37
positiveinput/1671917890.01177.jpg 3 93 141 98 84 194 75 58 63 249 32 56 74
positiveinput/1671917892.6720445.jpg 3 110 111 84 85 231 69 42 60 289 40 43 58
positiveinput/1671917895.286179.jpg 3 137 84 73 78 259 61 49 59 328 33 55 78
positiveinput/1671917897.762672.jpg 3 174 67 73 75 275 54 65 72 359 39 73 90
positiveinput/1671917900.9635177.jpg 3 207 54 80 77 303 52 72 92 391 41 69 115
positiveinput/1671917903.8594356.jpg 3 251 53 64 74 334 67 64 88 413 78 92 115
positiveinput/1671917906.9230456.jpg 3 291 59 53 73 352 74 63 98 415 121 102 106
positiveinput/1671917909.3589094.jpg 1 374 152 133 123
positiveinput/1671917919.2488043.jpg 1 314 186 105 105
positiveinput/1671917925.2336183.jpg 3 136 201 142 117 303 163 81 89 393 124 63 58
positiveinput/1671917927.8653405.jpg 3 68 175 121 99 237 187 89 76 391 160 88 67
positiveinput/1671917930.0850592.jpg 3 49 150 125 85 203 181 90 83 374 184 97 65
